WFRun004  10.   12.   0.1   1.   10.1   3.   9.   12.5
WFRun005  10.   12.   0.1   50.  11.1   3.   9.5   12.5
WFRun006  10.   12.   0.1   1.   11.1   3.   9.5   12.5
WFRun007   9.   13.   0.1   50.  10.9   5.  9.5   12.5
WFRun008  10.   12.   0.1   1.   11.1   3.   9.5   12.5
WFRun009  10.   12.   0.1   1.   11.1   3.   9.5   12.5
WFRun010  10.   12.   0.1  400.  11.1   10.  9.5   12.5
WFRun011  -100.   100.   0.1   1.   11.1   3.   9.5   12.5
WFRun012  10.   12.   0.05 182. 11.01   0.   8.    16.
WFRun016  14.   17.   0.05  80.   15.5   10.   6.  18.
WFRun017  14.   17.   0.1  80.   15.5   5.   13.  18.
WFRun018  14.   17.   0.05  80.   15.5   10.   5.  25.
WFRun019  14.   17.   0.1  80.   15.5   5.   13.  18.
WFRun020  14.   17.   0.1  80.   15.5   5.   13.  18.
WFRun021  14.   17.   0.1  80.   15.5   5.   13.  18.
WFRun022  7.   9.   0.05  50.   7.7   15.   3.  12.
WFRun023  7.   9.   0.05  40.   7.7   10.   3.  12.
WFRun025  7.   9.   0.05  40.   7.7   10.   3.  12.

####        range     sig   A    mean  offs   fitRange


