WFRun004  1.   4.   0.05   10.   2.5   3.   -20.   20.
WFRun005  1.   4.   0.15   5.   2.2   0.5   -20.   20.
WFRun006  1.   4.   0.05   10.   2.5   3.   -20.   20.
WFRun007  1.   4.   0.05   10.   2.2   3.   -20.   20.
WFRun008  1.   4.   0.05   20.   2.2   3.   -20.   20.
WFRun009  1.   4.   0.05   10.   2.5   3.   -20.   20.
WFRun010  1.   4.   0.05   100.   2.   0.5   -40.   40.
WFRun011  -2.   1.   0.05   10.   -0.3   3.   -20.   20.
WFRun012  0.   4.   0.15   20.   2.   0.5   -40.   40.
WFRun016  3.   5.   0.5   25.   4.   0.5   -20.   20.
WFRun017  3.   5.   0.05   20.   4.   0.5   -20.   20.
WFRun018  3.   5.   0.05   20.   4.   0.5   -20.   20.
WFRun019  3.   5.   0.05   20.   4.   0.5   -20.   20.
WFRun020  3.   5.   0.1   20.   4.    1.   -20.   20.
WFRun021  2.   5.   0.05    10.   3.5   1.   -20.   20.
WFRun022  0.2   2.5   0.04   20.   1.3   0.   -20.   20.
WFRun023  0.2   2.5   0.04   20.   1.3   0.   -20.   20.
WFRun025  0.2   2.5   0.04   20.   1.3   0.   -20.   20.

####        range     sig   A    mean  offs   fitRange

